2047
2047
2047
2046
2042
2040
2035
2033
2033
2033
2031
2026
2023
2022
2019
2018
2018
2018
2016
2012
2011
2007
2005
2005
2004
2001
2000
1997
1996
1991
1989
1988
1987
1986
1982
1979
1975
1975
1973
1973
1969
1967
1965
1962
1960
1959
1959
1958
1958
1956
1950
1950
1950
1941
1941
1938
1935
1932
1930
1927
1927
1917
1915
1914
1914
1911
1908
1904
1903
1900
1893
1893
1884
1882
1880
1879
1876
1874
1868
1868
1865
1864
1863
1860
1857
1850
1849
1848
1847
1841
1840
1832
1830
1826
1823
1821
1820
1820
1811
1811
1809
1808
1808
1808
1803
1801
1801
1798
1797
1794
1794
1790
1789
1785
1785
1784
1780
1779
1779
1778
1777
1776
1774
1772
1771
1770
1764
1763
1761
1760
1757
1755
1754
1751
1751
1749
1745
1745
1742
1739
1737
1737
1737
1734
1733
1732
1731
1730
1730
1729
1726
1725
1724
1722
1722
1721
1719
1718
1715
1705
1704
1703
1702
1695
1694
1693
1689
1688
1688
1684
1683
1682
1682
1681
1679
1675
1675
1670
1666
1665
1664
1664
1664
1664
1662
1660
1654
1651
1650
1649
1649
1648
1648
1643
1639
1638
1637
1635
1635
1635
1634
1633
1630
1629
1624
1624
1623
1621
1620
1619
1619
1614
1608
1608
1602
1592
1590
1590
1589
1588
1588
1585
1580
1580
1579
1578
1575
1574
1572
1572
1565
1565
1565
1565
1561
1561
1557
1556
1556
1552
1547
1546
1546
1543
1542
1539
1538
1531
1529
1526
1526
1526
1526
1524
1521
1520
1513
1512
1512
1510
1506
1504
1503
1499
1498
1498
1493
1493
1490
1489
1486
1484
1482
1482
1479
1479
1470
1466
1466
1461
1461
1458
1458
1457
1457
1456
1454
1453
1446
1445
1441
1439
1432
1432
1431
1426
1426
1424
1423
1422
1420
1419
1419
1417
1416
1413
1412
1412
1410
1408
1407
1402
1401
1397
1390
1388
1387
1386
1385
1384
1383
1383
1382
1381
1379
1375
1375
1375
1375
1374
1372
1371
1371
1370
1369
1366
1364
1362
1359
1358
1358
1356
1354
1354
1353
1350
1350
1347
1344
1344
1343
1334
1328
1328
1321
1313
1312
1311
1309
1308
1307
1301
1301
1292
1292
1289
1287
1285
1275
1271
1267
1265
1264
1261
1255
1253
1249
1249
1244
1242
1240
1237
1236
1233
1232
1228
1218
1217
1217
1212
1211
1205
1203
1202
1201
1201
1198
1195
1190
1182
1181
1181
1179
1179
1178
1177
1177
1175
1174
1172
1172
1166
1166
1166
1163
1161
1161
1158
1157
1156
1154
1150
1147
1146
1145
1145
1145
1144
1138
1137
1135
1133
1128
1124
1123
1118
1118
1115
1114
1114
1106
1102
1099
1096
1095
1095
1094
1093
1093
1089
1088
1086
1085
1085
1083
1083
1077
1075
1074
1073
1073
1071
1070
1069
1068
1065
1063
1061
1060
1057
1054
1050
1046
1043
1041
1039
1038
1032
1031
1025
1024
1024
1022
1021
1020
1013
1012
1011
1004
1004
1002
998
996
995
994
993
991
986
986
982
982
980
979
977
977
976
975
972
969
968
967
961
960
957
956
956
954
952
950
950
945
943
941
940
940
938
933
930
930
929
926
925
925
924
912
912
911
908
908
907
906
905
905
904
904
903
902
898
898
894
892
891
888
887
885
884
874
873
865
864
863
857
854
853
852
851
851
849
849
849
848
846
846
839
838
838
837
836
833
831
830
829
829
824
821
820
819
814
812
810
808
807
806
806
805
802
800
799
796
796
794
793
790
789
788
787
786
786
781
780
779
778
778
778
773
767
767
764
764
761
759
759
758
758
756
755
753
752
750
750
750
750
750
748
748
739
738
735
735
733
732
730
730
718
716
710
708
707
706
704
704
704
703
700
699
696
695
694
694
694
693
692
690
689
689
689
686
684
682
680
678
677
675
675
672
670
670
670
668
663
663
663
662
660
655
655
653
652
651
651
650
647
644
642
639
639
638
635
630
628
626
623
623
621
621
616
614
612
611
611
606
602
595
590
588
585
582
580
579
577
577
575
574
573
568
567
566
564
561
553
551
549
546
546
546
543
540
537
536
534
533
528
528
528
524
517
514
513
511
511
505
503
501
500
498
493
489
486
485
479
474
469
467
465
463
462
454
452
451
449
447
447
445
444
444
443
443
442
437
436
433
432
428
428
425
424
420
420
417
417
417
417
409
409
408
406
401
400
394
392
391
390
389
387
381
377
375
375
373
373
371
370
366
362
359
349
348
345
342
341
339
339
339
337
337
336
334
334
333
332
332
329
328
325
323
322
317
316
314
313
310
310
309
309
305
302
302
302
298
294
294
291
286
283
282
281
278
278
276
276
272
271
265
265
259
258
258
255
255
255
253
251
249
248
248
247
241
240
239
237
234
233
231
229
227
225
216
215
206
204
203
203
202
200
199
197
195
194
191
189
188
181
177
176
172
168
166
165
164
163
162
162
161
152
150
150
145
141
138
134
134
133
133
129
128
128
126
126
124
123
122
121
120
120
120
120
118
118
117
112
112
112
110
109
106
105
105
100
99
95
95
94
90
90
88
86
85
84
83
82
80
80
77
76
68
65
64
59
59
58
50
49
48
46
46
45
44
42
40
39
37
36
35
34
34
26
24
20
15
15
13
12
11
11
8
6
3
3
3
1
