1187
1950
71
480
1517
1644
1992
1019
1221
835
17
337
1318
1547
32
1601
1818
1960
214
51
1328
480
53
1429
46
535
1169
1673
40
2030
643
1778
331
1773
1421
510
1539
957
393
1538
1626
523
1923
415
1469
525
207
1702
1149
276
85
1930
29
759
513
699
1757
1212
90
1622
1147
181
1739
880
1189
139
1411
959
1476
191
136
1936
801
1920
1162
1205
497
1514
2027
1422
270
171
1798
281
100
1073
1938
216
1164
106
1469
1722
1071
574
1533
1505
973
518
702
917
1525
354
1244
1879
359
405
1968
1858
1584
617
1399
422
112
1939
397
638
985
1289
1040
1873
470
1616
1108
497
1261
1984
1648
449
1041
1356
1692
1792
1567
2003
1108
1590
38
2017
1699
1574
1266
955
851
1553
808
766
111
1640
978
1696
731
1077
427
391
1738
198
550
173
66
1845
853
2013
1858
254
820
1732
1638
322
1935
1357
1056
732
1440
987
67
791
382
1428
1589
86
664
1913
476
1752
203
1403
883
1245
1860
1809
1853
714
1649
877
1765
531
1214
932
1509
497
140
42
567
152
768
484
440
503
1641
1093
215
1521
341
291
931
660
1629
1206
293
1434
860
1232
1418
610
422
1000
93
6
1172
1208
1158
104
1873
1206
707
1541
1334
577
96
2021
1661
645
623
546
654
969
1355
1453
378
1044
1126
952
621
978
809
833
1804
1761
1273
314
1309
1820
1064
1024
1267
1537
571
1967
830
969
903
1077
1769
492
1336
1466
1322
934
1067
101
1993
1628
211
1928
34
1298
1577
1353
1813
105
1951
1976
530
177
483
1507
1031
318
194
1810
2036
1482
1846
1443
116
324
1745
470
1016
1126
1861
50
298
1100
730
1488
32
665
1975
1887
1810
333
312
2013
1996
498
1764
472
1101
1917
1409
597
1707
752
288
715
650
1782
1735
2010
1476
1647
135
797
1111
1276
1463
1888
2011
94
489
239
446
700
606
1715
1313
939
782
317
348
455
72
170
832
1311
84
456
586
745
1133
802
498
525
464
1866
160
699
441
1855
1521
16
597
1187
1493
852
1617
1004
954
1184
1374
1050
90
941
1401
1879
443
1582
951
761
422
962
2035
80
1438
1165
445
682
162
69
1747
909
784
967
1394
58
1715
411
827
905
770
789
1572
1132
188
49
59
870
379
396
842
748
636
911
720
1612
1353
825
1084
1745
526
618
1902
1286
98
927
1724
1417
758
2012
954
815
396
1604
1781
1933
1039
1316
1779
1024
2018
720
52
1914
455
2008
872
1249
1802
67
747
1267
1648
539
1930
301
1921
564
425
168
1327
1388
1447
1813
275
951
1137
459
199
227
1542
361
1681
1323
1939
1021
1740
285
5
1292
330
1422
317
1556
264
732
1060
805
2038
1044
1879
1857
662
347
570
681
238
1166
1481
30
1043
1665
1251
1199
297
1992
1049
189
596
1458
1296
1774
517
364
102
847
1439
419
1762
1833
1593
1545
1300
1292
969
649
864
213
801
1700
1553
1043
1730
1110
341
1016
1679
782
623
379
498
1042
663
357
663
316
1809
594
1137
25
524
1206
66
1619
1951
366
911
290
616
2029
2019
1449
859
1491
296
250
1312
1911
449
722
1119
1827
838
135
1303
1873
1035
1517
220
510
1814
74
199
851
923
1231
1851
582
1959
1418
1012
1351
956
27
1940
88
523
672
476
790
1582
359
1736
178
852
590
1426
1661
2041
1650
415
814
627
1207
1948
1545
255
1529
130
2012
1950
165
1326
1146
1051
1064
1839
969
1185
1254
1831
179
915
1953
1627
1845
1496
1043
1257
1076
486
1048
119
421
443
210
328
381
378
1251
1546
1534
1451
402
1608
1601
1669
122
410
510
393
253
1811
1821
1385
1462
1817
247
175
989
1669
891
1328
1220
1693
300
1645
1508
977
185
284
11
1731
1598
1433
1223
1607
786
1599
1258
1904
301
1750
1096
1247
419
466
267
674
2013
1850
1634
1594
240
896
1818
1537
713
356
89
482
1173
807
1308
1330
1887
1452
150
1042
1356
1157
1822
638
185
797
345
509
1114
1042
749
326
1756
467
448
1414
93
1989
1169
944
1582
230
370
1140
460
977
1948
860
1507
1440
799
200
1818
1865
1801
909
1076
1936
1880
1369
261
1680
1069
485
677
1348
925
1027
2017
439
1380
513
837
1990
357
187
444
901
1654
1934
460
1953
1445
1890
2042
635
1879
497
129
1305
983
235
165
93
418
1161
366
1612
1718
1843
1236
1504
629
1675
2026
384
1501
1625
456
1968
1147
1503
1397
1874
331
1436
1517
2004
1474
226
1819
131
778
402
1458
586
1436
985
1517
1317
974
1413
1604
1583
275
2017
1481
1898
237
483
1381
1305
1980
641
417
730
313
545
1608
304
1867
1694
912
427
611
1335
763
1913
562
329
367
1305
521
178
288
1811
1196
1814
1125
742
1115
1953
1744
1975
986
218
686
505
1584
1033
570
364
1119
339
1816
439
415
821
818
1410
137
22
294
1048
687
846
526
1312
607
270
846
159
1381
670
618
1054
818
861
746
1834
1914
1938
752
1993
227
1486
1628
1109
1588
781
1305
28
238
775
654
1629
1109
1462
228
1844
640
911
111
199
1247
1023
189
1635
762
56
1559
1730
1356
1072
352
481
1059
1013
1374
3
1321
1375
92
1098
2030
250
780
533
369
1590
459
303
1023
541
1686
105
1988
1694
808
662
1600
1726
537
33
139
2006
1478
23
1203
1287
1423
