865
1105
1012
301
1530
1988
1461
70
889
218
2044
2028
1496
418
422
221
656
1319
667
937
304
2025
404
1189
208
1882
93
248
786
1554
1799
886
65
351
42
1486
522
954
250
373
281
1335
104
729
855
234
947
1051
529
1075
1470
1338
265
565
139
190
1385
768
1646
843
1943
25
1704
957
1968
160
119
445
1540
148
5
656
2016
909
1016
1093
1063
767
1127
1463
262
1830
1740
1591
1437
1130
1724
309
1252
788
579
1000
1295
1587
45
826
1020
1972
2024
1335
736
325
1914
288
816
1209
1662
1201
982
1647
662
553
190
750
1304
1231
98
1920
1083
1643
628
1747
1762
1604
816
1335
1812
1599
1332
2030
1867
1790
1546
1013
1103
992
603
2041
931
338
1738
1016
995
1394
634
1462
1204
1567
750
558
375
362
1450
277
199
744
1919
1076
488
617
297
356
1173
1725
1139
1208
624
467
1886
661
2018
1439
1592
1397
1043
516
811
1130
308
565
1543
342
901
458
369
1256
713
278
461
920
1984
719
1007
2016
527
1947
1714
162
1964
1020
1831
1648
578
525
1566
566
430
1862
442
1056
580
561
972
725
1711
68
1692
786
1460
1950
1210
949
1282
1505
1254
1482
332
1779
547
1365
1776
1479
1889
897
738
1007
334
1215
1003
959
978
878
1533
1167
211
1722
848
491
1522
1153
1723
203
1594
1720
877
230
1100
230
1509
818
790
230
1983
21
1478
52
581
643
1911
1514
1496
1779
1341
1956
1288
926
96
742
248
11
1481
1443
168
1415
1068
511
368
1325
1372
1288
1022
1759
1024
1590
1533
751
1281
1204
1385
1311
314
380
729
1758
1469
495
1159
538
1944
1303
978
178
1832
1695
981
927
239
736
1220
729
236
168
1683
973
1462
425
1531
487
780
1310
679
1681
1613
20
104
1306
374
102
455
498
964
1877
88
996
1644
1146
244
815
1030
719
1106
1376
1176
1895
397
623
1204
593
204
1814
1316
1686
860
411
411
657
278
1970
2012
1785
949
304
1940
716
336
366
890
1833
662
1851
705
1778
1373
1454
631
1649
931
349
1894
886
1253
208
1335
844
1619
672
1908
720
1253
405
1319
1108
1574
272
885
1292
1031
878
1401
130
385
1385
1261
1821
2039
1517
1365
1741
1014
245
381
651
1794
1525
1251
357
1793
629
452
1507
727
1717
597
1689
729
825
1250
947
1762
373
1553
28
1992
234
401
50
1725
763
1395
406
1928
1842
71
1418
1876
1261
509
201
1410
1627
1612
926
2005
2002
1966
1044
1101
294
199
634
1581
93
52
17
1713
1160
1966
1516
1499
1922
469
539
619
1951
1048
1466
1784
336
152
994
863
287
748
1952
1746
482
1494
968
1622
427
1256
1967
821
701
1647
1711
861
2009
1798
17
1370
1213
529
484
192
888
690
730
436
1071
1694
1847
288
361
1008
1965
1598
1326
351
492
132
174
1107
791
426
1553
1217
267
1599
927
1264
1805
687
1249
1197
673
891
1523
1721
694
2045
783
1262
1018
159
295
98
905
1726
14
1257
1106
1603
1280
723
819
1868
120
509
641
339
333
308
1013
1437
818
1537
518
1267
175
47
288
1351
380
507
375
45
556
108
549
1835
336
1485
685
215
100
880
1267
470
818
1203
1299
291
437
1768
2030
1110
1467
926
899
306
1098
504
1116
1688
344
508
368
625
1007
443
64
473
1605
1860
1735
1804
1461
1532
461
1858
1452
1951
1728
1172
1757
1370
1796
741
1205
69
1010
1559
292
100
482
1386
1473
160
857
1823
1653
1517
1135
1835
125
35
155
1723
320
1949
62
1089
1354
420
1969
1909
1281
1285
610
487
907
1120
803
1849
1094
1221
1949
715
1194
76
647
106
1638
1799
1163
357
1825
1818
604
1043
1853
614
689
1294
1483
1352
1368
989
1712
1161
1521
133
1942
1794
1874
404
1135
521
1406
1747
787
734
831
325
1603
1523
132
1491
2042
372
90
682
1139
2039
209
1143
1630
962
1657
1612
37
425
1385
1461
110
887
1675
764
848
1629
903
83
2036
2039
685
106
200
1795
1699
1837
1061
111
219
1109
1283
807
1857
1345
1876
1926
1045
153
1458
604
1215
1226
1525
1873
493
352
1768
1497
51
214
452
1237
1482
1063
120
132
1328
1349
1122
268
2004
458
1373
1197
442
450
1160
610
830
1954
359
471
0
328
2045
1286
1755
1480
1807
566
846
234
690
430
803
761
78
1867
1406
1541
280
621
652
266
348
1759
919
1485
101
795
982
1993
976
1451
1683
1533
925
1811
530
1832
805
900
301
167
1920
143
903
1257
408
1372
1123
937
509
1728
1831
1423
1417
1133
707
1769
916
1686
51
1078
1002
1766
1509
872
553
1953
172
240
998
1525
598
140
1288
466
1447
432
755
1674
1046
1102
352
685
1053
1607
1672
1577
274
1731
1370
138
431
1250
564
825
1912
354
1498
193
771
366
1393
161
907
1688
103
523
147
1965
1151
1828
886
1721
1826
1863
910
1367
681
985
0
1015
149
1976
1562
1901
748
561
1635
22
19
284
1409
1006
1386
351
574
949
1494
1414
291
1940
1318
173
1718
120
1879
658
1678
1441
423
1036
733
1302
357
427
537
1714
890
617
44
1083
1368
320
859
683
330
415
366
1377
548
1359
1611
246
1310
155
1398
316
137
644
1098
533
1675
1787
855
507
1921
514
1131
1332
1786
718
1308
663
744
1376
1837
1155
219
77
746
1959
730
444
80
893
390
1304
577
1923
1450
1686
284
717
1974
111
1145
1888
298
317
1560
1600
1522
1004
1002
1741
508
1969
1407
627
213
1211
255
860
266
1665
1775
264
1330
978
1905
649
1962
988
394
1003
280
1202
8
198
719
1820
899
485
1328
1339
1238
368
1207
1852
1340
220
420
1690
1163
1192
707
1101
611
1142
669
1746
1408
1408
690
1952
1317
580
1160
1158
587
1181
1877
1145
616
1965
2000
635
49
351
184
1862
513
148
1629
1773
891
1485
1837
1008
853
332
770
855
1724
13
787
1162
1370
465
1099
1063
60
1716
1290
179
198
1059
108
1299
1087
1129
850
823
1121
948
2000
1559
940
582
336
1798
1464
28
1693
1725
1128
20
1484
1616
1052
485
958
332
1056
1270
825
1695
166
1306
1391
1407
1682
827
879
783
1036
572
1997
732
1596
1567
1405
557
650
945
533
1387
320
199
199
2027
1673
820
556
1088
1161
617
1136
1283
1234
195
1170
189
1212
1168
1311
1121
2014
628
134
1662
1849
1436
1383
1214
1147
775
1297
1989
1383
765
1716
87
1896
917
966
2031
443
1147
358
1681
630
902
389
1482
119
947
711
978
2003
281
1061
466
1475
296
1758
536
898
1037
1518
303
1984
721
659
470
1430
923
1227
1295
1408
1684
139
1395
929
168
954
1825
816
1596
2044
808
1260
1364
128
1893
140
397
306
102
851
807
1697
1296
171
1678
1761
1989
599
484
720
1090
350
2028
1604
1627
1717
435
1887
1095
1265
1315
518
2008
754
1143
763
1705
709
108
1347
248
193
897
1733
1502
553
731
1133
1771
918
70
55
840
1847
1970
458
1822
1722
170
1398
1882
712
1293
527
1574
39
385
139
1065
1397
267
1075
1563
521
1062
1735
566
367
53
1244
1118
1540
1708
1481
308
83
883
688
1229
156
261
1822
684
124
495
1261
1217
1759
1131
1518
707
304
1373
199
644
1537
1499
67
1016
1496
1457
1225
1764
803
2002
1658
1454
1744
975
795
1385
340
883
1
613
452
493
1191
1270
1275
1341
1020
491
1091
858
1895
1591
1589
1483
1927
1389
325
1278
411
1769
1854
949
344
1850
1402
879
658
264
238
102
1002
1579
1742
905
1936
856
1364
1772
1063
1273
312
1694
203
1279
2019
244
570
117
1507
957
1782
235
833
986
1430
1160
520
1098
1415
1687
1670
1381
898
1750
66
790
277
1285
1799
1534
297
1913
466
590
854
615
2025
1118
1839
958
1371
1554
2013
1668
1658
1364
1236
1226
1484
1838
1400
19
288
296
1076
1062
1695
883
48
1377
1715
1786
1997
650
609
1862
1803
1858
1427
1560
864
508
1382
1672
1911
488
1099
1177
1913
789
187
403
1481
599
367
634
1856
1673
262
1552
1922
100
1422
151
1001
1858
400
655
55
1207
87
773
12
1845
1484
1849
1408
2039
438
1812
1859
199
747
1460
306
1130
131
1510
1002
223
1905
1597
790
1389
629
1471
1409
533
136
31
1210
212
1139
1381
1543
13
971
59
606
1236
1757
1677
1018
761
114
241
1002
600
1885
1576
223
1618
1095
951
1997
1691
218
850
521
844
1931
1500
1
170
636
45
550
1816
1766
1886
1759
1795
101
591
1613
1780
939
1147
1640
1939
879
873
180
43
352
140
111
174
406
1458
1498
130
750
748
412
1014
1481
810
1756
1084
791
1316
932
1293
1213
537
1236
435
492
1091
1243
1243
1021
1344
1433
1972
1140
1593
1126
1911
429
537
455
802
1147
1867
651
1608
1487
997
1785
530
1139
785
1067
437
345
1751
1852
1639
1689
54
1850
1455
1134
899
44
35
1767
1560
1057
709
759
1974
221
2041
1344
1960
1314
444
1635
1872
1434
1370
46
1845
390
678
966
1316
926
13
169
959
1550
325
1919
466
1400
1165
1285
280
1825
2018
680
1170
589
966
966
396
932
1842
739
67
1842
618
1800
264
193
1465
688
1427
501
508
1673
1937
2004
780
1890
505
26
1498
168
690
1961
919
464
574
887
214
677
968
382
24
70
1718
1994
1198
1317
904
221
184
719
1728
455
910
1137
441
786
1713
1730
270
144
1229
831
818
26
177
947
1605
1577
422
914
1835
812
1457
536
969
610
1073
841
161
1162
1964
953
1318
1518
707
283
2039
268
948
1715
864
174
1032
830
1345
1525
1820
1558
623
1784
1171
707
896
198
496
1623
1685
1402
1317
1411
478
886
1463
155
1223
653
496
1249
98
1321
1151
1411
808
1595
1572
256
699
1670
1911
1897
190
1995
1163
1739
1236
1841
1486
1088
1473
194
1403
823
611
1873
1134
224
140
301
1143
1866
1104
1273
1286
633
1539
184
963
1792
1224
314
1847
1765
1859
652
709
206
1282
1029
306
513
482
2040
1153
1172
1575
113
1475
1212
896
1788
1673
1781
393
1254
1262
637
1336
1613
1464
395
836
915
342
644
1964
2043
1420
300
1422
6
93
1357
1187
1765
136
375
642
1569
1139
411
1984
320
1004
2037
1475
1423
320
418
1215
994
1836
460
1894
722
1921
1774
1704
1716
4
1164
1472
1115
736
740
178
650
1680
1452
1020
1688
1785
642
1858
995
457
1168
96
1478
419
1436
1307
1112
979
78
1467
1854
2004
1347
1798
1619
1793
1357
264
1628
20
248
1655
883
2045
1696
1378
664
276
78
603
1589
1924
1126
1659
1338
1304
1312
1004
751
1571
725
859
1303
798
729
1189
709
1761
1382
432
1556
1318
127
407
1325
600
1654
1065
183
1989
1507
18
463
672
1541
1339
969
581
36
1881
1242
408
432
625
1840
1962
1749
810
958
1651
1193
976
866
155
364
821
1769
1297
130
1557
1097
996
1083
1079
1945
415
1758
1640
373
1864
1298
57
1518
1274
104
517
1847
1169
440
1147
1115
732
1901
1165
1477
1899
1492
1287
328
335
824
1065
1019
1844
614
1864
1799
505
1447
853
779
1289
1752
1795
1154
179
1497
1299
1943
406
711
772
1770
144
423
413
727
1949
2033
296
1355
1988
881
1760
1040
1
1384
1044
876
1293
801
512
1894
547
2028
1937
119
1317
1977
1253
788
1930
1898
966
216
1357
612
1304
1890
1126
1817
700
109
139
1317
1963
72
1864
1035
1842
901
39
1356
143
355
326
1577
1944
355
1293
1404
695
1536
1328
103
1066
714
1820
940
396
1835
2012
1939
850
483
269
1420
955
367
1380
651
1077
1823
898
252
769
632
1834
932
1021
2024
2029
1708
1186
1309
1210
266
1952
220
1120
719
604
1883
1577
350
278
1292
1009
672
1041
660
328
568
1201
1776
1114
1499
1845
503
1031
92
228
1584
125
160
469
1582
1465
1077
258
1802
228
1307
1126
1941
1605
466
457
1274
1805
1038
1750
487
1591
244
1284
654
1541
209
819
1268
1174
218
135
920
802
1952
522
1571
1959
855
963
1471
1022
1270
751
1460
1083
1080
1661
1332
874
395
1528
322
1041
1184
738
149
1551
212
445
728
1692
1462
1251
1911
119
1901
1103
250
237
841
227
654
941
869
1246
46
250
1347
1054
913
835
657
1816
596
1568
1651
438
1270
1893
546
299
667
1267
3
25
1817
1997
1847
273
1851
1658
794
939
270
198
500
1587
802
932
1389
1218
1863
534
907
180
635
1133
559
186
356
131
990
139
1183
1837
1703
1959
730
1476
1267
880
1320
2008
188
565
2022
41
273
469
1036
109
1604
1469
283
698
1115
163
579
925
1353
1770
1014
170
1050
1805
1345
171
147
1632
1644
738
1058
1497
1936
980
1946
1464
1534
1275
1728
1946
33
257
1690
1668
186
1915
1113
2004
1161
1886
499
171
2022
35
1609
435
1027
845
2032
306
72
1585
1015
1518
581
421
1303
1689
976
2025
455
670
344
622
414
1103
826
64
1961
1877
335
845
526
845
1153
1924
22
845
872
412
549
687
1087
2032
235
942
1092
671
1786
78
1262
1911
1334
997
1554
1177
1247
1678
1736
697
520
676
47
1652
1543
581
1593
513
162
698
1396
1161
210
353
1338
63
1465
2029
1404
112
1975
258
1448
1358
90
1340
1903
1852
307
27
1909
147
759
841
1659
1350
922
571
1503
1731
1585
881
214
168
1960
1250
546
1497
1980
1548
581
991
1196
252
219
1182
1824
107
592
105
650
317
306
1978
1872
433
1284
1569
123
1496
522
1349
1590
1111
695
1789
820
1478
490
216
705
1282
117
27
572
1502
491
1403
1745
1703
1781
152
679
1643
755
151
1097
1884
394
1126
1264
98
1698
195
972
213
308
1353
1160
1086
712
1404
46
929
552
1671
471
1433
1760
333
836
1109
848
59
704
2015
1782
1639
2006
1608
2000
1543
578
536
1680
1695
155
58
638
484
1488
400
143
766
1448
1073
554
1820
1518
1335
1710
1093
112
1292
1013
730
10
1514
1079
1414
633
428
1628
1960
297
610
930
994
1050
1896
1187
1824
981
81
1594
620
1806
842
1543
327
1988
1894
1959
2002
1129
997
1976
951
1831
1558
1289
983
1657
1016
736
842
1045
955
133
1462
1346
198
513
556
91
1896
1685
387
2020
1525
456
340
814
1745
532
554
1478
1040
500
2044
643
1290
1752
1826
127
1564
582
1394
351
1393
248
240
680
1654
1627
394
371
986
21
1441
42
796
341
1633
1089
54
750
1750
615
1461
1911
625
1937
315
1811
1413
1435
1048
102
1253
358
1824
1053
1183
1274
732
156
1797
430
1370
2008
691
143
1085
897
1243
729
82
718
1088
690
788
531
1205
1784
610
317
1000
696
725
874
230
1171
510
1269
931
2025
867
1344
305
1342
422
1990
556
538
354
699
378
21
392
1271
597
1321
505
1762
515
931
446
551
1660
363
836
1742
507
1347
1003
1286
333
1402
404
1381
117
2037
685
993
1547
1329
1134
1899
213
437
1374
658
1573
1650
1393
803
1922
1210
1813
1107
1857
1590
1735
534
316
411
77
1314
1286
1981
1646
1665
924
56
884
700
994
1035
1951
2034
1900
1890
1456
1545
1678
447
965
973
1558
1667
1673
381
1679
1069
225
1820
552
322
686
94
256
1263
1031
1736
2027
722
1999
1305
1002
1164
874
601
1606
1500
445
661
1524
1448
1218
961
446
1581
813
1356
435
517
557
1049
777
776
1827
1328
2028
512
375
559
197
945
726
172
25
1415
1937
927
23
1042
754
999
1271
355
1097
1190
634
1152
611
1326
903
1160
161
1348
2003
1645
1156
174
1468
1925
1291
1057
720
1933
48
523
1860
871
909
182
738
1571
1405
518
568
1640
1312
1649
692
884
1029
342
792
631
272
546
922
1301
1118
2045
1894
1295
190
469
1703
627
1045
451
78
66
563
1319
565
578
171
1354
809
643
22
397
1847
698
849
747
1110
1484
1537
642
1153
40
1208
995
1464
1773
1273
340
1814
1851
1576
151
337
852
1200
859
1501
903
784
1670
474
1602
870
1974
1196
1818
1189
854
1737
1644
1988
1814
1601
1422
1948
646
1838
595
1444
281
1748
1000
783
1764
1760
993
190
656
299
1705
1648
1882
985
977
1635
1903
1693
208
1016
187
1611
573
464
442
1831
288
1126
843
1233
1004
1390
1131
464
1768
214
817
1859
894
1581
1647
1728
1176
1909
1702
1557
582
1395
1581
1026
1212
38
928
468
1698
367
361
937
1464
1758
230
1567
1231
880
78
1537
328
541
995
1472
964
1964
1109
1244
1799
1325
1325
456
324
584
1312
1368
1160
1789
432
1089
1889
428
1485
1146
560
26
1418
2042
483
1802
1322
1983
451
1030
26
499
878
735
571
1594
732
1104
1628
1642
278
1132
1193
56
434
1557
436
815
1782
138
1663
808
1600
1319
1355
675
421
1551
274
1440
1218
757
954
1823
1748
954
838
887
1160
588
315
1201
808
1543
630
1153
1914
1133
1190
2003
1092
391
498
323
847
1911
666
690
1112
310
1713
2022
1348
527
662
1944
2012
1830
1543
243
579
1048
1409
1679
1772
254
1609
1794
1980
212
2039
1510
438
352
2045
1551
1313
799
246
295
673
726
1257
1899
678
392
1736
37
329
234
92
1359
53
1237
217
64
1830
73
353
1456
1718
279
1272
1165
452
1831
1045
1715
1656
1749
447
1650
1666
997
782
28
1884
1974
1581
1911
372
229
1271
1116
647
47
71
1633
931
416
1172
352
426
1530
364
1362
1253
1684
810
1279
1424
440
1841
1166
710
836
1493
761
1165
233
778
1439
116
899
1687
680
345
1166
440
1284
849
867
263
271
1140
2037
1344
1312
1248
1962
301
174
1171
739
391
1057
1233
851
220
925
1688
529
990
1940
1440
392
1246
1410
671
264
441
985
709
725
1941
682
515
187
368
839
396
1952
580
1848
485
1737
584
161
1238
455
239
1361
1669
554
1618
693
139
791
1751
909
1517
801
344
858
810
1686
731
1386
954
1419
1036
655
761
1802
921
1574
1123
1614
445
1925
122
1486
732
927
1107
1642
349
1125
341
519
1822
479
1571
75
46
1788
1425
365
2032
423
951
1603
1392
71
1275
344
2014
1007
1925
952
648
1664
986
121
773
633
1595
1346
645
409
1140
1921
1461
415
1284
1849
1673
106
1711
339
444
579
1543
1350
664
1383
35
406
885
869
875
347
1899
1208
1279
878
396
479
214
1054
590
644
1498
227
894
560
1207
1266
969
1995
1797
1738
770
920
1216
1052
167
1461
1050
111
1081
1436
1229
1558
1843
791
1456
484
1839
268
1062
1007
978
1593
1931
2026
862
998
815
427
1246
1294
869
124
778
997
766
228
1420
239
1900
1920
250
1637
219
912
717
1941
1978
2016
1735
1334
398
129
891
609
1940
554
1288
1857
888
368
1775
1595
492
1823
247
338
722
142
472
517
177
1523
1179
1868
251
581
383
1935
1938
966
1903
1993
1709
1684
237
755
367
968
1390
1193
239
1168
555
1742
1885
1445
451
369
526
467
1972
86
1319
599
213
1309
634
1875
1872
1325
360
1572
856
46
297
1216
17
1524
1741
381
223
195
98
976
194
1054
228
433
1252
1611
514
1284
773
1779
177
1490
1196
1014
1561
23
397
960
1185
977
1859
1315
1878
798
1355
1861
971
1507
712
313
791
1132
1537
712
1604
87
922
1269
1565
1170
1719
1517
823
1163
641
1497
910
1931
1415
1850
434
1614
1692
397
460
1473
217
111
645
1547
1820
1566
1980
2008
414
288
106
798
1763
428
1396
619
812
429
1918
1888
465
1997
1253
370
1381
672
1646
1647
72
218
491
1512
1368
129
544
342
367
967
1341
847
803
684
106
339
22
1404
820
1556
470
1104
1878
750
160
389
1482
1862
1836
399
1205
1355
19
1772
310
1545
1394
2031
1330
154
1446
320
899
810
397
174
739
410
44
359
509
1941
509
1293
316
2001
130
910
702
754
492
187
1928
1918
204
1927
1448
1175
1204
1149
913
143
1636
1845
1567
1528
771
934
973
2002
424
800
1572
803
675
416
865
58
856
5
1074
853
1299
394
656
1697
769
329
1769
409
1932
304
914
899
1293
883
1235
872
198
495
1704
820
304
1860
728
412
1434
1476
21
1729
936
470
394
1673
1509
1184
0
1308
1134
46
101
770
1645
1606
1705
1620
1918
1256
1551
756
827
1876
1825
200
197
1310
1590
448
1980
1198
1954
654
1194
1666
10
1524
1830
1927
234
49
1030
918
1113
981
32
1341
1394
1208
1892
1069
1871
1621
550
438
1549
1558
431
2038
69
1601
588
146
901
1205
1524
1649
422
35
1763
339
1015
1118
1716
980
956
529
1847
1235
1832
196
1858
1178
1886
962
1289
1719
1756
39
258
484
209
1159
387
1075
1818
755
1744
1986
1983
1128
1636
594
1666
2042
181
845
1813
1890
1708
291
120
453
282
480
1678
1013
1962
1647
364
712
728
1068
58
82
1087
629
420
923
1339
1967
1481
1094
74
708
1063
29
1959
1807
1080
159
423
948
1484
1624
704
1580
197
2038
1733
1830
1090
1054
45
294
1828
16
220
2046
1482
1757
1168
1651
2000
1698
211
1177
176
985
307
771
1261
11
620
1955
1262
1489
982
1231
1412
691
229
1559
817
115
864
932
270
1546
826
730
623
333
2000
437
242
184
1093
1084
109
430
621
1430
634
1630
1135
1479
541
1254
364
1399
460
601
1887
317
1640
606
1894
2031
1492
592
2019
1064
254
942
926
386
1462
226
1920
1117
759
847
974
1784
542
1695
1427
1253
1161
418
847
993
2028
1406
896
1576
1506
802
1434
572
1563
370
94
2002
1300
1043
987
972
1619
1820
1727
207
1107
939
1506
2006
1640
182
659
489
1586
674
1783
33
313
12
984
469
1349
1885
1596
1716
1695
1021
1193
1606
408
1079
239
621
1237
1881
1654
1124
138
831
663
937
385
1752
650
1063
823
1434
1062
877
1456
1010
1459
1426
1064
1025
1940
1795
1648
708
1498
1089
1849
296
183
1976
823
408
610
1491
1435
1712
1843
642
1108
425
1450
423
1153
289
1834
1388
1401
425
1722
1261
1722
1937
1987
357
1038
1007
1515
1177
86
56
1819
1425
1372
969
1721
1964
2012
944
764
1636
1707
1849
800
1907
487
1474
1220
1555
89
1138
697
165
733
934
1329
1357
1400
1231
169
19
1610
1333
588
775
753
372
1931
1868
1221
35
1656
38
1061
182
530
498
1958
604
960
8
1799
1640
403
677
1435
701
433
384
1817
1154
463
1857
1058
1511
1709
1151
1337
1321
577
1758
32
1940
1892
2008
544
755
464
332
851
1987
45
1931
624
80
339
1802
1297
1613
1089
1990
1444
853
1097
618
703
1754
1634
610
1218
1981
1354
1634
1951
751
1355
1209
645
1462
1323
1487
1067
1967
1088
489
1240
316
114
1580
696
295
1400
543
1747
760
1692
882
598
1390
134
592
764
326
497
1980
222
1667
710
169
1914
1477
1265
101
715
749
735
374
240
491
1082
946
537
539
668
1407
1300
880
121
1493
1383
813
1031
1762
963
2025
1110
464
1483
587
1895
815
1030
1478
1429
778
1110
733
2006
530
710
2042
1884
1712
2027
741
861
1554
534
219
1398
161
267
1646
561
496
707
102
1428
1689
885
130
1607
2047
1425
478
1016
1361
1276
566
428
560
1707
1237
1183
1735
1429
1892
1596
263
1092
1523
239
1662
1718
1083
1244
1375
210
1142
1035
90
1865
1659
1344
1290
594
545
1380
233
1521
274
302
1133
503
1144
456
595
1309
279
1942
2024
808
1888
1812
1977
862
1921
1089
1657
1318
744
1494
453
1706
964
206
1050
166
1985
1706
564
704
65
658
1446
440
2033
1695
414
379
742
1880
374
1714
972
1812
605
8
396
122
1991
1659
1422
356
1339
1283
912
154
1006
846
265
1633
219
532
2022
1103
925
842
1968
1053
797
1876
300
352
1033
1387
1222
639
1101
1983
1982
680
1406
30
233
62
1795
1071
1130
165
1253
1680
35
1628
1142
1504
1370
1942
34
728
409
1989
1198
546
529
1149
1411
1420
1126
1471
876
1777
676
453
104
1760
424
2035
1689
855
557
807
1328
586
161
61
302
1776
1115
1651
1226
961
1762
1828
1516
444
549
1053
1217
1283
956
1480
1993
56
568
1812
863
497
995
1320
760
46
1608
1805
134
1250
2002
302
117
2022
1916
924
802
1766
1466
1915
1915
1100
328
165
152
1111
1546
1770
982
644
901
1608
1865
932
42
1243
1526
1693
582
1824
1898
808
985
206
444
920
996
2016
1402
743
692
1418
872
174
982
619
88
128
1216
199
1700
1207
896
1349
415
1563
593
1982
672
722
163
1500
497
279
1428
1853
1847
735
1104
325
1064
572
1533
396
651
1327
1056
857
477
1946
69
885
1066
670
818
1937
378
2007
1548
972
676
439
2020
479
528
1926
325
1613
676
1481
1890
1991
863
832
89
852
755
1727
40
831
286
1163
387
460
1938
1883
297
363
1838
1080
1360
2036
1727
980
1017
1812
377
699
520
486
1565
1070
1331
966
1417
1567
998
663
858
1152
1958
707
1360
1417
68
1238
910
304
1071
1672
612
989
1146
1532
1590
1686
487
118
1785
1513
1033
903
1267
441
45
537
1577
1197
1197
1884
1950
966
1625
256
1924
398
585
1124
1208
697
842
125
707
240
65
1664
338
2
444
1665
1891
1942
396
1274
145
334
1332
452
326
40
1268
1680
585
123
1692
1994
1752
174
1850
217
498
1415
1798
203
1821
857
370
800
750
200
711
1614
1532
743
1717
1569
1375
990
1806
1890
860
219
348
1739
1816
1512
66
670
1576
860
1358
524
1755
554
0
663
1832
221
621
725
1281
201
1562
1359
121
470
28
507
957
1697
281
554
1496
945
198
308
658
1008
1984
1072
1871
1169
707
1883
1086
410
1732
7
953
1306
622
1129
1080
509
855
1469
635
1104
40
1737
244
1207
1349
1702
1052
426
1025
658
672
1187
407
1712
2025
735
34
1258
660
1044
236
1868
400
1401
675
798
1683
1474
956
1957
1178
56
1843
1367
1083
53
350
777
1285
1340
316
133
1079
1611
1548
680
927
1127
1857
511
647
337
1922
849
671
1279
254
377
273
150
1924
675
757
1625
627
887
964
1687
1934
310
1283
408
1863
1765
507
1491
295
140
2043
447
788
1166
1921
1586
698
1036
487
1030
1245
1590
93
56
390
1088
1867
52
1455
1436
1479
1174
1594
620
1199
2013
1174
327
2041
1438
760
239
1480
952
1092
1515
65
974
1761
643
1493
2022
366
1890
132
45
1309
1793
668
709
954
930
415
1393
794
145
2033
1578
1551
1203
96
1218
1059
1888
1013
15
1676
1188
376
995
1699
1138
1317
1657
483
1954
1975
181
606
1550
590
547
436
1210
1262
400
1439
310
426
1188
414
1397
1349
685
698
1003
2047
265
742
1922
1647
1723
1679
917
599
404
872
413
18
1055
1167
405
1252
529
280
1663
194
158
1181
1589
2019
1112
145
1315
879
815
857
1869
2024
1011
625
1460
951
1646
1514
1189
416
1633
233
1423
1132
1676
1771
1988
559
1903
1164
823
711
765
831
2043
1163
1036
1472
1215
553
1780
653
1473
435
649
1586
31
2009
914
198
500
1385
1185
1173
1286
1069
1045
938
1653
789
1691
895
822
1670
1708
325
1408
1723
1782
889
1803
1056
1113
639
1154
1131
845
1930
2009
1562
1872
1891
1457
1371
471
820
198
557
351
343
381
1239
694
137
1388
671
910
647
1499
124
348
1331
1793
1349
1206
237
1518
1706
1208
1412
1483
1850
1764
1748
2015
998
1117
1343
1235
673
656
612
422
992
462
1690
798
1560
802
450
1929
1309
1820
271
1646
441
519
362
84
1715
1893
736
1915
1095
1155
1779
993
1629
608
445
1705
1027
1199
786
79
544
505
232
702
428
1942
683
344
1036
25
1305
191
446
259
2015
871
12
786
235
1276
1905
424
406
449
914
193
1779
402
1806
1392
407
951
1260
845
431
1528
294
1616
1865
247
1082
1685
1112
1519
1720
917
1883
90
674
663
800
1034
1766
1740
1809
1813
1279
1503
1232
1327
447
1378
1170
2026
1637
711
946
1753
194
466
1182
820
1027
876
1953
415
1325
1988
300
171
1911
698
1931
1100
1465
1154
1023
906
1649
1106
1318
543
342
132
966
93
1644
537
644
41
660
1812
656
476
419
1090
1589
596
2000
1787
58
1927
1751
2038
2045
185
1744
513
1100
1314
65
379
1454
217
1903
332
1818
1582
1814
96
1439
1255
0
566
796
842
49
1932
551
1250
1941
452
1195
484
1042
1825
2047
562
1495
1294
1943
10
19
1040
2000
1698
1551
524
2017
1803
176
1984
571
753
812
1705
1237
1940
1310
650
1159
2040
1232
987
985
319
708
1278
914
1845
576
1878
712
1577
1050
1670
562
1203
1742
191
115
199
327
1001
2039
1230
1159
1716
1191
1897
580
1321
1370
990
1363
1210
125
1277
415
181
698
1217
73
1321
767
584
1257
352
21
1413
246
328
1536
1421
951
1412
1084
1705
81
1643
737
149
117
1988
850
587
925
132
1848
1657
1727
1335
1477
1121
1031
421
1474
752
457
366
626
1093
696
525
184
1222
582
1675
119
616
43
1542
1932
1066
1688
1752
1882
633
782
1366
848
956
394
1414
1644
860
639
1086
627
225
919
1521
1765
624
352
1795
1582
1184
192
900
1807
1786
1201
1958
517
595
329
154
2012
1352
1313
262
1990
1236
1554
2021
424
1808
1215
953
275
1343
555
674
94
1942
1176
1817
529
61
552
1447
813
1725
800
1148
2018
1999
1799
119
2012
1441
943
838
164
2015
1536
1012
1633
627
264
649
584
862
69
427
1435
1861
174
24
291
1679
1501
490
1858
281
760
1374
1823
277
1253
1148
1490
240
1084
50
163
1970
782
1965
1240
190
1529
151
1200
568
520
382
359
288
992
1244
634
1495
95
249
1631
828
1972
705
1936
1819
1985
160
1615
971
75
1858
1802
306
1789
1876
740
317
965
1644
886
399
498
665
163
1814
700
513
779
1996
901
1040
1101
1024
639
26
1949
462
1548
1027
1642
1734
1720
682
481
849
1310
1089
231
76
1906
1482
561
1712
105
307
539
1484
1909
1265
1919
624
588
710
110
1784
2042
1705
74
1065
1556
1032
502
1894
541
794
102
1454
350
1696
929
371
1053
941
528
1253
453
1742
1050
802
85
350
71
391
1061
1456
1902
680
1537
940
1149
1530
1235
352
384
325
59
1003
457
487
216
1547
1718
1719
1606
1963
1097
1419
1769
1971
974
1772
293
288
1028
1206
975
515
1970
1503
1409
1528
1943
1868
330
756
1042
856
1649
952
1076
908
2038
1308
1032
262
1323
1225
1488
975
1120
85
624
460
934
641
1069
1614
1460
520
1170
67
1100
1789
1870
377
105
706
193
1375
1845
1364
24
699
528
983
985
1493
1567
1964
84
22
1029
1691
1077
1589
790
232
3
1723
472
1668
1120
502
769
813
1234
485
1394
154
1024
379
1178
1330
966
1382
1693
1286
430
1502
1524
1594
1168
1805
1329
791
1290
1945
1710
1014
460
160
1346
1287
1329
1654
754
1493
312
610
753
1732
1219
1523
984
1840
839
831
2023
634
510
270
1127
1185
465
95
1905
1564
1807
953
1851
260
593
404
1789
1823
1135
1681
20
1102
300
828
52
1170
1372
788
1508
206
137
77
1862
1078
1197
913
1431
962
1747
274
965
1222
1765
551
944
782
1710
910
1166
1655
1332
1428
764
1191
1012
742
1872
724
1070
329
263
965
1991
554
739
1663
72
19
1407
1291
2020
1424
103
484
447
1506
197
1278
1117
754
520
475
370
1423
1760
941
429
1885
1959
1594
34
844
1925
1297
1093
997
266
723
523
797
384
1971
1604
1880
793
1738
311
1320
1957
617
1944
1358
405
1830
469
1750
1950
1628
1241
1316
256
923
1246
138
1863
1112
329
1170
1273
2000
1716
926
1003
866
1245
589
1531
12
245
872
1940
688
2036
1209
1678
1560
129
1684
975
697
822
2034
798
549
721
939
1678
1988
866
1149
321
1015
22
1186
1432
1086
1591
1469
748
549
530
348
1712
642
1872
988
34
18
643
151
1763
1048
470
260
1507
1903
1790
318
434
58
1530
1287
935
1889
892
1063
389
1120
1975
1285
366
509
78
1873
1450
2003
1795
1696
1913
187
1049
63
1854
1730
133
1818
1532
385
1678
661
1504
514
294
1834
1682
88
1229
799
1657
1718
1580
989
788
1378
1285
1420
655
1075
1881
910
1383
911
959
1166
1126
1801
118
1045
531
692
563
194
1258
1489
970
1193
1024
1752
634
671
692
1863
1945
597
636
1886
1011
1765
1691
394
1366
454
931
597
2045
875
305
1989
565
1093
1160
901
1349
960
1561
1600
1530
2017
1538
760
1594
553
1441
1249
1619
1131
203
1149
1469
384
779
1350
700
1969
1417
120
1029
5
1537
1072
1765
863
1461
1611
1207
450
10
1444
1963
1609
192
569
1668
812
919
48
346
348
1459
762
1087
431
259
1512
1121
1612
1121
1872
1815
99
1795
311
193
784
697
216
456
686
1933
87
1961
403
520
1990
1242
1443
1951
1084
1546
1675
1539
718
1194
767
110
1788
709
1316
819
1871
682
1559
636
552
1773
1862
1227
2044
1152
951
1943
1889
1749
892
608
910
1237
481
1853
1105
1794
538
1216
432
863
879
500
1916
249
756
1562
535
863
1566
793
1231
134
1049
1296
250
502
1834
1586
1935
935
65
931
1106
2045
895
1100
842
1123
299
700
1778
1438
1221
2031
1686
1477
1775
297
370
189
999
581
245
766
349
262
1244
606
1116
630
237
516
954
294
147
619
377
211
75
332
1476
197
854
1267
25
618
732
796
1715
723
1855
1974
891
1683
1869
1988
2015
869
435
732
961
1939
681
846
1310
1380
623
1065
1904
246
1243
676
96
79
181
114
1916
554
2015
2007
1247
1499
571
1005
1755
542
968
1322
1093
1433
1469
1825
813
216
1894
706
1396
309
607
874
1041
1752
110
809
293
1707
1447
1972
463
1725
1580
1971
1109
1738
950
973
632
1281
1865
1696
923
1464
120
1746
1595
711
1512
546
1188
135
1250
889
169
1176
1365
200
1215
1733
253
933
1211
913
441
1440
1056
244
562
869
1240
1998
1231
42
1412
1289
1427
694
1756
1328
566
671
307
165
1805
1151
1504
77
780
1856
240
1391
303
273
217
20
685
1104
12
1790
1256
519
1387
528
1529
297
22
776
1494
1445
531
602
796
1555
1709
1025
1544
3
407
1545
513
1027
1204
1064
946
255
1019
1754
1187
274
470
751
1074
1718
1657
215
763
610
350
256
481
1358
1231
1830
22
1147
1709
1933
1385
1600
501
1001
1208
1905
33
1658
47
723
1440
2001
66
1268
1812
457
744
1880
1603
323
506
854
648
543
735
1715
1271
72
937
448
146
1427
132
54
407
1068
598
1860
2016
1491
938
1077
402
373
840
44
1976
1704
1173
1713
842
805
459
733
180
1055
1311
637
664
132
1562
1987
992
541
663
655
237
333
1691
1625
86
2031
1932
706
1192
1294
763
974
325
365
1185
1319
1977
1948
1056
1801
1903
1130
145
1294
1340
1003
1174
182
320
1245
486
1345
181
41
829
1460
1137
966
148
904
1969
507
1282
1472
680
1261
605
78
1
1985
791
85
216
1489
812
1629
366
1069
189
1463
1584
1193
446
1022
430
1071
1716
721
1058
257
439
1091
1162
1027
675
769
1204
169
1529
1334
144
1879
1593
1044
1897
710
320
1439
604
490
1173
1463
1877
112
1880
879
1379
405
1121
1851
1659
1529
1758
616
345
165
620
1073
848
528
608
396
1724
1924
729
563
1387
28
1966
1200
939
1806
1768
168
1403
450
1457
1837
1061
403
554
1392
881
63
919
1017
1518
1920
1092
98
839
328
2046
1915
205
1430
990
568
1551
1108
1026
1866
1901
1586
1034
757
312
1245
1090
1165
1074
1197
1910
1796
340
939
419
1560
1877
439
996
564
188
1403
1134
85
309
455
1271
912
1077
1904
1666
514
1090
780
1792
1341
313
576
1182
1582
1529
1787
402
18
476
1005
884
1389
1413
1118
1462
825
593
1206
784
521
240
532
1332
1317
722
1868
536
1292
1949
2017
1818
1115
1846
1483
765
1101
400
643
387
1016
751
1205
1682
1101
1851
504
541
409
1263
834
641
861
1283
1300
1292
56
771
1152
1576
1737
58
1021
1514
1460
1936
1885
1456
1512
330
918
1849
1874
1796
1104
481
682
2
1774
806
1034
1072
1681
777
752
817
218
961
643
972
974
1622
541
1196
1853
432
971
1943
263
1909
1700
1406
819
1583
838
307
1246
986
977
1115
1312
161
6
899
1968
481
1287
460
477
55
938
1913
14
1062
1163
552
1684
28
1827
1652
1725
190
1401
1387
887
1904
1554
235
4
1188
1507
21
620
1696
1615
993
314
1388
1053
1719
1517
300
492
677
178
1680
25
1893
1444
1419
1889
1214
918
983
46
334
529
1286
1253
340
299
20
1830
708
1613
610
443
575
1248
1618
67
391
1833
220
543
243
192
887
1278
1965
341
1184
188
1723
138
2038
1940
409
1218
722
764
82
586
928
1297
1640
627
414
1088
668
1129
393
318
1236
772
12
1780
869
608
1797
1815
535
1917
583
436
1343
199
1849
145
1879
991
199
528
308
1842
1068
295
1078
627
64
1621
949
586
1852
1909
686
329
1144
902
1118
751
1269
807
231
1928
548
1294
317
1918
899
1514
438
1761
660
2
1806
865
1989
1945
912
1646
136
1168
1903
1468
681
1956
60
1845
1715
1320
1361
921
1987
2005
1299
44
1893
1051
1530
838
1608
1758
1206
1788
174
1489
692
1641
1866
940
1823
1230
403
1936
984
1625
1750
1365
1152
648
868
137
527
636
448
1666
501
1577
1536
1350
1513
762
1851
1669
1286
952
1738
992
101
719
1009
1516
1044
1799
73
562
218
843
1083
37
1605
173
1012
1552
1478
82
1046
2005
1314
4
87
746
1588
45
1515
2035
1283
1433
954
1915
277
894
1215
39
1942
1367
1720
520
1686
504
846
1998
1333
1502
672
400
1440
1699
1964
31
1642
732
1348
1650
1251
790
580
814
1765
720
1715
1443
872
955
2016
810
1625
1438
1489
1564
99
60
2042
764
537
92
1522
307
1296
641
1012
1917
1024
1078
651
955
1460
1045
2038
1757
14
489
1532
1839
78
1444
1004
589
596
305
1431
2043
118
1577
504
1253
571
931
1954
1984
1991
1993
1959
454
1738
1246
1979
196
409
1715
198
718
388
1680
771
548
1867
824
1300
194
680
1465
1957
774
53
848
1560
1454
503
1965
740
1559
1353
239
1887
576
727
198
1392
1447
1241
556
458
1849
405
1106
2013
1121
1639
1509
560
1201
428
1310
48
1549
302
914
1136
407
623
61
1559
1
564
1871
1573
1818
3
2039
1279
211
2018
908
1930
1233
671
877
556
909
450
158
1472
1046
1312
116
354
815
697
1912
1899
746
1642
49
995
67
811
11
984
184
1721
1150
1160
914
1720
1346
1288
409
771
931
1900
1620
1749
120
1740
1899
1162
498
1315
518
64
1045
1997
701
599
1241
1976
2043
1383
360
1419
185
1256
364
888
731
791
76
432
1670
573
282
1706
734
1880
2006
1456
1564
438
501
333
27
1072
1642
403
1132
897
1369
438
1347
243
1213
962
1232
1816
1755
873
100
1331
734
565
484
1832
1856
931
1697
2001
16
210
185
1894
771
574
921
914
1628
1476
2030
604
533
1545
1308
142
229
664
350
427
1779
368
2
1834
155
79
643
869
1467
1866
874
1482
1456
1335
1280
551
222
2012
1113
1611
1323
1317
1758
1037
32
919
1191
822
312
2000
2013
1603
4
975
1360
1812
78
1382
1973
2032
859
437
1463
434
812
1805
1951
1863
1691
256
1826
6
881
2006
96
1797
1208
1579
1434
858
1293
717
1286
340
1951
21
1435
963
819
1061
517
1753
793
375
90
98
1586
1555
1993
1532
1983
318
1859
1478
682
1495
1979
1753
1221
2046
522
1977
967
622
713
988
698
1440
535
38
445
1261
195
1571
1822
1113
350
76
880
493
139
1714
107
1320
617
1051
1609
1143
459
815
1123
1700
882
478
360
1242
524
1345
1754
137
1634
345
497
318
83
2001
1489
1411
1077
1617
1262
605
1012
1148
136
230
705
518
75
1191
1328
1508
629
1902
268
1616
1960
1323
46
344
74
250
1862
851
831
508
1344
793
1255
1293
1333
1602
1773
1900
1014
1199
1534
1345
869
1152
1372
1595
331
1098
1086
1831
363
613
1946
775
1108
1689
338
744
1478
76
1000
1185
33
695
1672
1263
599
774
1870
1391
1309
170
504
1812
779
1708
1149
1033
2047
1947
1283
318
861
952
2006
33
125
115
1663
570
633
1721
1002
853
1594
1144
1136
1896
1340
616
894
254
1798
1467
1319
1317
255
688
1589
1278
1600
142
1458
606
538
1359
812
1950
611
460
1003
1876
1316
511
371
1013
753
1499
1308
698
638
141
238
1743
1695
1852
1812
98
104
1844
1866
1548
1889
531
152
608
184
1641
990
868
28
940
1940
10
1184
453
736
500
1535
492
1798
1632
588
1815
1041
888
1585
1735
1144
653
1488
1422
770
270
1843
1851
1301
438
227
1770
1891
852
1161
1032
1204
255
780
1010
579
1842
629
1076
1496
1443
1605
997
485
1819
1843
1691
151
1866
757
1166
234
1161
1767
68
1891
1583
232
1404
1714
615
1930
192
1063
871
575
1361
1641
1971
637
1250
1468
917
163
905
2045
250
479
556
1455
920
1254
1020
553
88
182
719
93
811
1275
844
1811
1461
1534
696
1493
820
1158
1245
1399
1091
1008
532
162
1147
169
859
1822
1776
1686
212
98
1971
99
1206
598
839
1628
321
336
310
1996
378
1914
359
1411
1317
1832
427
1454
1464
1279
2044
422
579
410
154
94
1846
1109
1241
1289
1710
559
1880
135
376
2009
1421
1608
1346
2005
267
1639
1066
1644
1931
7
1274
645
96
77
967
939
1208
1434
997
560
1133
1929
1764
1191
2006
1320
1947
1777
1146
955
1104
2007
1070
936
371
1459
1532
852
1854
1125
1239
796
1152
976
155
862
1781
99
621
2000
1578
1489
577
2047
1832
1847
393
1503
110
361
88
752
1205
412
335
1330
1598
202
967
1284
185
1744
1869
1814
1817
1529
801
1048
291
777
1385
1538
1766
1850
322
1835
632
515
1832
1425
575
714
1788
1823
580
1434
1382
1715
1494
1794
973
902
1226
1918
714
493
292
1422
1132
27
699
687
1923
25
419
1005
1506
239
1370
1312
136
104
999
340
296
280
50
998
1372
368
860
580
1465
388
1920
1191
1922
494
12
1112
328
983
490
1374
37
1388
988
428
1972
1979
620
126
770
97
1445
498
160
1934
1362
1602
395
1860
301
128
1925
1154
35
1401
1626
1069
1670
508
2003
331
141
1381
1865
1736
608
516
168
1534
529
61
1097
806
745
225
743
1909
1240
430
437
1167
601
944
240
113
568
1832
1841
706
234
1451
236
760
1204
41
1882
315
983
2006
434
1230
458
892
294
432
1605
1374
1632
674
946
892
464
1253
831
1522
1623
638
44
1675
1299
1747
1469
1233
1543
1843
2013
646
507
1455
1145
750
217
999
1844
446
1050
1458
912
1124
1488
184
1684
1528
971
1678
1366
1432
1784
1842
932
568
1098
603
1637
722
1900
1960
208
1711
956
329
1764
1440
1196
1765
685
717
2025
198
1057
1635
1621
1622
1194
139
557
196
533
1363
667
2000
1917
310
1633
1473
1018
1487
1748
312
1057
1951
691
653
1568
112
290
977
1447
1321
528
359
322
1039
956
1685
750
1901
1958
194
270
1107
679
776
1897
558
12
1333
1097
1138
638
20
1889
1546
1016
1873
1225
1979
477
1774
154
1791
284
438
191
1579
1856
710
1066
1760
1926
406
1323
641
663
1255
320
1826
1269
473
766
188
1180
1058
752
734
1044
1904
1375
1907
1501
2001
1191
1448
755
1021
1958
1122
1204
1153
419
1515
787
698
1298
1204
995
533
1004
434
1396
679
752
1002
823
428
1657
834
1618
77
1986
213
147
965
1242
1966
1784
261
1830
1829
531
1522
102
1192
2007
378
691
1269
326
598
9
1000
560
299
923
1870
1130
601
1050
549
1780
1303
2001
1589
1121
365
800
1374
38
1069
1951
152
1400
1143
1860
532
713
284
1537
707
1394
1626
1575
390
420
1536
1727
1604
790
615
1582
853
1113
2010
311
199
638
442
1237
985
773
330
1492
120
1406
383
368
1379
1120
1494
1738
1903
295
1231
1715
1511
912
272
553
1311
2036
1585
964
1048
772
1876
1114
1144
1095
541
779
1722
913
84
1606
1822
8
1462
458
1766
407
1673
451
617
1211
701
1929
603
1614
426
416
296
782
1024
1977
1362
141
1431
120
1482
500
1036
619
1075
1797
721
698
885
884
632
719
1136
1483
321
1203
428
256
809
820
279
534
590
1281
1440
425
1568
1664
818
379
878
1764
1466
693
1483
1734
1990
1419
1812
1507
5
1584
1417
1843
1352
396
1666
1478
547
921
517
1482
163
1566
1103
1659
461
1166
317
1677
1637
1542
1165
886
1962
574
116
1613
1907
2014
1339
311
774
187
789
1823
418
597
1885
528
1049
689
1632
894
986
946
1848
1272
1034
701
778
1898
726
448
133
1560
1375
1963
1882
110
1915
1222
504
234
1394
1552
513
1565
414
1827
583
1841
1974
1057
2019
1226
613
804
2039
1710
1513
1165
1326
884
2029
548
1160
384
1269
483
1183
1115
167
648
803
530
1319
1649
1655
1445
2003
1535
703
1056
1407
1014
919
1108
1485
1710
980
2008
1360
813
124
63
1633
20
494
789
1260
1353
1828
826
1299
54
530
1777
1551
166
1728
92
860
1642
1976
1317
1759
1642
1008
615
1802
1853
813
399
1704
147
1136
420
1930
54
1411
2040
559
1775
1459
506
1928
750
1980
1391
1616
1433
1643
493
1395
1201
1228
1780
699
310
29
551
157
1815
2043
1242
1040
975
1780
886
574
1598
925
817
1072
283
893
1747
346
763
1696
941
385
605
947
1945
1683
557
569
1268
519
91
1710
1114
309
1662
1056
1499
1433
1478
112
1502
309
1827
1281
273
770
1346
468
1645
716
1249
1655
1744
1772
1187
817
1378
1822
1639
1952
1707
110
586
1899
1005
725
1573
890
803
1673
601
31
96
1781
1585
130
939
894
1891
822
1200
512
591
1454
2026
1749
1422
1497
999
1933
1315
1429
89
1268
1908
141
16
655
927
1475
1335
932
494
1195
1927
841
276
1397
1159
1395
1746
927
1334
1138
1789
1188
780
714
1783
1336
743
1066
1371
493
686
1711
329
808
0
1203
937
1076
567
1670
1898
1305
314
1597
1721
746
1899
2009
98
542
1903
1773
1388
1718
1158
1272
1810
514
1123
82
1301
734
1463
378
1173
748
1153
414
1636
1778
427
504
1669
1521
957
1184
1315
1955
602
1809
1534
1973
614
28
1941
1297
72
654
1665
227
1141
1339
1582
1245
743
1724
848
1322
754
1785
371
1606
1148
856
1687
1718
847
530
547
1765
1719
298
1956
1923
1072
401
1912
1862
1900
1315
1225
406
455
70
6
1870
591
1582
460
795
1553
405
1028
916
1302
1282
1469
934
634
1178
765
1535
1929
1067
465
1076
257
861
924
1456
2032
1829
1846
1099
690
1237
532
1012
1787
685
848
890
105
959
190
1575
941
1475
115
1981
266
1474
1770
1703
242
622
1352
1719
1518
1588
877
412
652
1873
1570
336
778
1458
867
1325
1658
1815
539
1883
1123
1061
409
1978
685
344
396
775
1446
1337
146
531
1224
252
1104
576
849
12
1935
1847
696
1843
1188
1792
1675
495
762
1781
1927
1831
1745
1619
1534
323
412
1229
1877
1519
1690
304
1559
258
605
230
84
1006
331
399
729
1871
519
1357
1239
174
1705
515
1014
349
1320
1711
997
99
840
1507
566
1362
134
1220
627
691
1206
1129
565
1834
445
989
1855
1250
706
385
1345
146
607
1731
1675
1673
374
971
1230
1153
438
1470
344
1804
1221
41
14
1729
1115
1482
1358
864
441
136
1402
1280
1357
323
1953
1899
209
1255
944
725
423
485
1333
1036
653
864
1476
1048
1803
728
1484
790
415
1504
1856
319
1248
128
1717
1244
1493
635
832
2014
494
820
832
1935
2044
1447
187
1605
606
375
1680
1943
259
1138
966
1052
1579
1584
676
301
1610
1956
156
830
1269
1906
1077
1760
411
2043
422
883
692
676
489
1617
1392
1826
1308
397
71
907
1925
1107
1327
178
438
1621
936
1117
816
956
1476
633
1030
1033
1501
1616
894
1694
1127
906
1822
409
2004
811
259
58
167
1513
1022
431
1059
547
1308
1755
725
1910
721
118
374
1039
583
2047
375
935
38
1630
115
1275
2023
1656
1842
189
1694
1967
97
925
1084
494
1658
174
776
95
1881
414
916
245
422
1953
1457
438
1449
648
786
797
1142
1998
1975
912
57
586
27
1722
2002
1219
1665
1411
775
1901
866
1744
401
1675
506
1258
889
226
1966
84
53
2009
1025
1023
537
738
248
841
1577
337
130
820
1118
674
2041
862
158
1858
1544
439
415
1231
359
1438
1095
1669
1535
935
441
1885
1556
1117
1358
250
725
1182
240
1048
690
237
94
509
5
848
673
1623
652
729
117
1905
1420
1980
947
935
140
1833
2031
1119
1191
2027
1608
1214
1262
1783
948
1759
1964
118
545
472
1162
985
1223
1023
439
1303
36
969
55
489
1851
384
1356
843
996
327
1968
768
1407
1712
641
1161
917
1669
924
1124
1101
872
1561
1991
1475
1057
1474
127
1496
1569
769
557
1056
346
1283
122
685
69
1777
1389
1088
1252
1225
1591
940
581
357
1752
380
1872
1183
1565
690
1998
528
1395
1878
422
1312
308
1810
1869
213
1648
134
795
791
897
1962
1842
1451
1794
1398
230
138
39
1634
1735
608
65
1109
1013
1437
1215
36
60
741
1488
1523
245
164
1912
186
1368
755
587
1158
79
1370
2028
991
147
263
1243
1277
1266
1834
316
946
174
1870
598
2035
612
414
1270
240
1458
743
257
1374
1135
1129
330
747
793
211
399
1278
1198
1592
659
985
1046
1627
340
1560
1217
598
1997
534
1141
24
371
647
1615
351
887
51
558
1964
1236
1032
1279
1188
1664
1057
450
1077
730
1745
368
1682
310
389
406
1256
1912
459
1985
75
1782
1075
1822
1945
481
871
1948
1500
1022
1552
799
1793
557
494
1952
1755
551
1821
389
1380
892
1834
549
217
129
1809
1077
158
943
434
1406
1048
899
1517
2040
1069
900
455
1691
249
1878
1092
1567
1156
501
1132
423
1585
1009
1084
1410
1294
1006
1437
338
1098
787
568
436
1928
1524
453
715
775
728
1780
1967
2027
23
1874
525
86
1130
1319
1011
994
1429
751
2006
1771
1442
555
1784
2007
202
1082
210
1111
1431
1018
543
1504
397
1278
958
818
2023
1713
166
1151
2020
684
743
1612
91
279
1496
963
1779
147
1079
1301
142
529
963
1928
1101
389
522
56
987
181
954
1231
1619
237
1646
1848
564
1433
1171
1719
272
1504
487
1295
414
1604
277
1369
1023
1704
1726
587
1814
788
1056
1515
1125
83
471
1698
761
1195
1844
1999
1917
1071
632
801
721
2030
876
1451
1381
1201
747
2046
554
1772
1233
1176
446
1059
1208
1716
1588
334
953
1359
320
405
1105
422
1147
237
39
1207
1016
978
340
1642
885
1512
1939
408
685
1749
532
1806
1182
505
1595
1305
744
1517
760
285
781
1060
504
686
106
1025
1098
1722
1688
1200
1502
627
1087
924
866
1843
905
1341
849
1630
396
540
1707
113
130
522
1775
1953
1541
1061
1751
577
137
12
1443
1416
106
1456
673
1769
1382
1803
100
608
448
1342
1491
667
1868
28
916
1446
1770
118
2008
1106
383
1765
427
1109
1816
67
503
1845
246
1974
1987
340
244
922
340
810
293
1304
1497
77
973
619
1354
1602
1269
1418
1017
1204
992
1515
1815
1730
1452
1356
328
1422
203
39
1225
1788
1969
158
459
1196
917
764
1629
222
1413
130
1039
1326
1549
1500
335
1778
995
1832
26
471
48
628
1145
975
1753
321
1531
1884
304
525
999
1868
1750
1797
787
529
242
171
600
637
1533
633
627
108
1142
1848
1154
113
464
99
1575
1423
833
958
176
445
748
1707
1251
1968
1527
1388
1064
1130
1277
1368
396
1634
1671
584
1774
97
809
1809
55
996
216
1509
1437
634
529
774
1734
849
1961
728
219
1386
1852
1128
1495
813
1089
1207
394
64
1785
756
458
244
245
1378
269
1471
1316
1280
716
1674
1511
1731
1337
1761
729
1343
1595
1525
1336
450
38
1243
760
1476
895
669
2024
1041
1240
1165
417
1628
591
345
1746
124
741
1481
1792
1490
159
441
970
202
1121
1242
1160
1277
730
972
1424
1259
804
1006
1180
1630
444
1303
1628
221
1056
1097
1957
1747
1564
1731
6
506
426
1266
1839
632
1053
1316
578
1175
2020
1391
1795
1224
1211
1635
1861
1173
254
1850
1635
1129
1614
708
259
1597
490
35
1892
352
657
1312
1449
253
803
609
261
69
771
1399
1094
732
1143
1300
268
1518
701
486
898
543
1631
269
1481
1377
1988
1104
802
632
1857
566
1230
1331
1167
975
1651
1056
1792
1417
825
595
1524
406
307
1464
1948
1645
1453
1063
207
48
568
1337
1586
1178
532
291
1723
774
1867
325
1146
1243
848
893
229
516
941
541
2036
996
1905
850
1110
657
1919
248
335
568
928
1690
891
898
212
1277
1055
849
1503
1900
1373
1422
89
1796
1224
167
963
1702
1026
1237
680
97
158
738
1750
952
123
564
1273
1349
640
92
717
588
1220
1247
1919
246
1236
83
1975
962
301
1366
494
217
151
1426
615
1267
1267
744
1733
895
52
499
1967
94
9
1091
137
559
1104
1573
957
499
1605
539
225
1545
28
1566
1463
965
789
165
1149
1456
686
836
229
653
1960
466
2043
1427
759
194
5
1416
1207
1635
385
811
1050
1444
1319
1849
1171
1918
118
841
174
594
48
998
454
1359
217
1070
1054
1164
85
1784
636
283
491
1669
625
1427
334
588
326
675
109
882
62
572
894
350
2039
294
