2
6
7
9
14
15
15
16
17
17
20
20
21
22
24
25
25
29
29
33
35
37
37
39
39
39
43
45
48
49
50
53
54
59
60
61
63
67
67
67
70
72
74
75
76
79
83
86
87
88
91
93
102
103
104
106
109
112
114
114
115
117
122
122
122
124
126
126
130
133
136
137
138
143
146
147
148
149
150
155
156
158
158
160
160
163
164
165
166
169
171
171
177
179
179
180
181
181
181
183
184
188
189
190
196
197
199
207
214
215
215
217
222
222
223
223
225
227
228
228
232
233
233
241
241
245
245
246
247
247
248
251
251
252
257
257
261
261
267
268
271
271
271
272
273
274
279
282
284
286
291
296
298
298
299
300
305
309
313
316
317
318
319
322
324
325
326
326
327
327
328
334
334
336
338
339
339
340
341
342
346
348
350
350
351
365
369
372
375
377
382
386
388
398
400
401
403
410
411
412
417
417
418
419
420
421
421
422
422
423
423
426
429
431
435
438
439
440
440
440
441
444
445
453
454
456
459
462
465
465
467
474
476
476
477
478
480
485
488
489
491
491
497
504
505
507
509
510
513
519
520
520
521
522
522
524
533
535
536
536
539
541
543
549
556
558
560
561
562
563
563
563
563
572
572
572
573
575
576
581
584
585
585
587
588
590
590
592
595
595
599
602
604
604
606
606
607
607
611
613
620
621
623
623
625
631
634
635
637
637
637
649
653
663
665
670
670
671
672
674
674
674
675
676
676
677
678
680
682
683
689
696
700
701
706
707
709
712
713
714
715
718
721
722
724
727
731
732
735
735
739
741
744
744
749
752
755
755
757
757
758
758
762
763
767
768
769
771
780
784
785
786
793
796
796
797
799
801
805
807
807
813
817
819
821
823
823
824
826
829
829
829
829
834
837
838
846
846
848
851
852
852
853
855
858
858
859
865
866
868
870
872
880
882
882
882
883
885
886
886
888
888
889
890
890
894
896
900
900
903
906
908
909
910
910
911
913
913
920
922
923
926
926
927
928
934
934
942
942
945
945
947
949
957
959
961
968
970
971
981
982
982
984
985
987
987
988
993
994
1003
1004
1005
1005
1011
1011
1015
1021
1022
1023
1026
1026
1026
1027
1031
1041
1044
1046
1052
1058
1058
1059
1061
1064
1065
1067
1067
1068
1068
1070
1071
1072
1073
1079
1079
1080
1086
1087
1090
1093
1095
1097
1098
1100
1100
1103
1106
1107
1110
1111
1114
1114
1116
1117
1117
1118
1119
1120
1127
1128
1130
1132
1134
1134
1135
1135
1136
1137
1137
1137
1138
1143
1143
1155
1157
1158
1163
1167
1168
1172
1173
1174
1175
1177
1179
1181
1182
1183
1186
1186
1186
1188
1191
1197
1197
1199
1199
1204
1204
1204
1206
1206
1210
1214
1214
1214
1214
1223
1223
1225
1228
1229
1230
1234
1235
1237
1238
1238
1239
1244
1245
1248
1252
1258
1262
1262
1266
1267
1267
1267
1270
1270
1270
1273
1273
1277
1278
1278
1283
1283
1293
1293
1294
1296
1300
1301
1301
1304
1305
1307
1308
1312
1317
1319
1323
1323
1324
1325
1327
1328
1333
1334
1336
1338
1341
1341
1341
1342
1346
1347
1350
1351
1351
1354
1361
1363
1364
1365
1366
1366
1368
1369
1370
1371
1371
1371
1376
1379
1383
1384
1387
1387
1390
1391
1395
1400
1400
1400
1403
1406
1412
1414
1416
1422
1427
1432
1433
1436
1437
1441
1441
1442
1443
1445
1445
1447
1451
1456
1457
1457
1458
1459
1465
1472
1473
1473
1476
1477
1479
1482
1482
1483
1484
1486
1489
1493
1493
1498
1499
1500
1507
1508
1510
1513
1515
1518
1518
1522
1523
1524
1525
1526
1527
1530
1530
1536
1539
1542
1546
1551
1551
1555
1558
1558
1561
1564
1566
1566
1568
1568
1569
1570
1571
1572
1579
1582
1583
1583
1585
1586
1588
1588
1589
1591
1593
1593
1596
1597
1598
1598
1598
1600
1602
1604
1608
1608
1608
1609
1615
1615
1617
1620
1621
1623
1623
1626
1627
1631
1636
1636
1638
1646
1654
1657
1658
1660
1660
1664
1668
1669
1670
1670
1671
1671
1671
1680
1680
1681
1684
1685
1689
1693
1693
1697
1701
1704
1706
1711
1715
1719
1723
1723
1728
1732
1733
1735
1736
1739
1739
1741
1744
1744
1745
1747
1747
1752
1752
1752
1756
1757
1758
1758
1759
1760
1760
1762
1764
1766
1767
1767
1768
1769
1771
1776
1778
1779
1779
1780
1780
1781
1783
1783
1783
1790
1792
1793
1794
1794
1795
1795
1797
1803
1806
1807
1807
1808
1810
1815
1816
1817
1817
1818
1820
1820
1822
1824
1825
1826
1829
1830
1831
1833
1839
1839
1840
1841
1842
1843
1843
1844
1844
1847
1849
1853
1856
1858
1858
1859
1863
1864
1865
1865
1866
1866
1866
1867
1868
1870
1873
1880
1882
1894
1895
1897
1900
1902
1907
1908
1910
1911
1913
1916
1917
1920
1926
1926
1932
1934
1936
1938
1938
1940
1941
1943
1945
1946
1947
1951
1952
1955
1955
1956
1957
1961
1963
1963
1966
1967
1967
1970
1970
1974
1977
1978
1984
1984
1985
1988
1991
1993
1994
1996
1996
1996
1998
2005
2007
2007
2008
2010
2011
2012
2013
2013
2014
2015
2016
2017
2018
2018
2019
2021
2027
2029
2029
2029
2031
2033
2033
2034
2034
2034
2034
2035
2035
2036
2038
2038
2043
2046
2047
