1
3
3
3
6
8
11
11
12
13
15
15
20
24
26
34
34
35
36
37
39
40
42
44
45
46
46
48
49
50
58
59
59
64
65
68
76
77
80
80
82
83
84
85
86
88
90
90
94
95
95
99
100
105
105
106
109
110
112
112
112
117
118
118
120
120
120
120
121
122
123
124
126
126
128
128
129
133
133
134
134
138
141
145
150
150
152
161
162
162
163
164
165
166
168
172
176
177
181
188
189
191
194
195
197
199
200
202
203
203
204
206
215
216
225
227
229
231
233
234
237
239
240
241
247
248
248
249
251
253
255
255
255
258
258
259
265
265
271
272
276
276
278
278
281
282
283
286
291
294
294
298
302
302
302
305
309
309
310
310
313
314
316
317
322
323
325
328
329
332
332
333
334
334
336
337
337
339
339
339
341
342
345
348
349
359
362
366
370
371
373
373
375
375
377
381
387
389
390
391
392
394
400
401
406
408
409
409
417
417
417
417
420
420
424
425
428
428
432
433
436
437
442
443
443
444
444
445
447
447
449
451
452
454
462
463
465
467
469
474
479
485
486
489
493
498
500
501
503
505
511
511
513
514
517
524
528
528
528
533
534
536
537
540
543
546
546
546
549
551
553
561
564
566
567
568
573
574
575
577
577
579
580
582
585
588
590
595
602
606
611
611
612
614
616
621
621
623
623
626
628
630
635
638
639
639
642
644
647
650
651
651
652
653
655
655
660
662
663
663
663
668
670
670
670
672
675
675
677
678
680
682
684
686
689
689
689
690
692
693
694
694
694
695
696
699
700
703
704
704
704
706
707
708
710
716
718
730
730
732
733
735
735
738
739
748
748
750
750
750
750
750
752
753
755
756
758
758
759
759
761
764
764
767
767
773
778
778
778
779
780
781
786
786
787
788
789
790
793
794
796
796
799
800
802
805
806
806
807
808
810
812
814
819
820
821
824
829
829
830
831
833
836
837
838
838
839
846
846
848
849
849
849
851
851
852
853
854
857
863
864
865
873
874
884
885
887
888
891
892
894
898
898
902
903
904
904
905
905
906
907
908
908
911
912
912
924
925
925
926
929
930
930
933
938
940
940
941
943
945
950
950
952
954
956
956
957
960
961
967
968
969
972
975
976
977
977
979
980
982
982
986
986
991
993
994
995
996
998
1002
1004
1004
1011
1012
1013
1020
1021
1022
1024
1024
1025
1031
1032
1038
1039
1041
1043
1046
1050
1054
1057
1060
1061
1063
1065
1068
1069
1070
1071
1073
1073
1074
1075
1077
1083
1083
1085
1085
1086
1088
1089
1093
1093
1094
1095
1095
1096
1099
1102
1106
1114
1114
1115
1118
1118
1123
1124
1128
1133
1135
1137
1138
1144
1145
1145
1145
1146
1147
1150
1154
1156
1157
1158
1161
1161
1163
1166
1166
1166
1172
1172
1174
1175
1177
1177
1178
1179
1179
1181
1181
1182
1190
1195
1198
1201
1201
1202
1203
1205
1211
1212
1217
1217
1218
1228
1232
1233
1236
1237
1240
1242
1244
1249
1249
1253
1255
1261
1264
1265
1267
1271
1275
1285
1287
1289
1292
1292
1301
1301
1307
1308
1309
1311
1312
1313
1321
1328
1328
1334
1343
1344
1344
1347
1350
1350
1353
1354
1354
1356
1358
1358
1359
1362
1364
1366
1369
1370
1371
1371
1372
1374
1375
1375
1375
1375
1379
1381
1382
1383
1383
1384
1385
1386
1387
1388
1390
1397
1401
1402
1407
1408
1410
1412
1412
1413
1416
1417
1419
1419
1420
1422
1423
1424
1426
1426
1431
1432
1432
1439
1441
1445
1446
1453
1454
1456
1457
1457
1458
1458
1461
1461
1466
1466
1470
1479
1479
1482
1482
1484
1486
1489
1490
1493
1493
1498
1498
1499
1503
1504
1506
1510
1512
1512
1513
1520
1521
1524
1526
1526
1526
1526
1529
1531
1538
1539
1542
1543
1546
1546
1547
1552
1556
1556
1557
1561
1561
1565
1565
1565
1565
1572
1572
1574
1575
1578
1579
1580
1580
1585
1588
1588
1589
1590
1590
1592
1602
1608
1608
1614
1619
1619
1620
1621
1623
1624
1624
1629
1630
1633
1634
1635
1635
1635
1637
1638
1639
1643
1648
1648
1649
1649
1650
1651
1654
1660
1662
1664
1664
1664
1664
1665
1666
1670
1675
1675
1679
1681
1682
1682
1683
1684
1688
1688
1689
1693
1694
1695
1702
1703
1704
1705
1715
1718
1719
1721
1722
1722
1724
1725
1726
1729
1730
1730
1731
1732
1733
1734
1737
1737
1737
1739
1742
1745
1745
1749
1751
1751
1754
1755
1757
1760
1761
1763
1764
1770
1771
1772
1774
1776
1777
1778
1779
1779
1780
1784
1785
1785
1789
1790
1794
1794
1797
1798
1801
1801
1803
1808
1808
1808
1809
1811
1811
1820
1820
1821
1823
1826
1830
1832
1840
1841
1847
1848
1849
1850
1857
1860
1863
1864
1865
1868
1868
1874
1876
1879
1880
1882
1884
1893
1893
1900
1903
1904
1908
1911
1914
1914
1915
1917
1927
1927
1930
1932
1935
1938
1941
1941
1950
1950
1950
1956
1958
1958
1959
1959
1960
1962
1965
1967
1969
1973
1973
1975
1975
1979
1982
1986
1987
1988
1989
1991
1996
1997
2000
2001
2004
2005
2005
2007
2011
2012
2016
2018
2018
2018
2019
2022
2023
2026
2031
2033
2033
2033
2035
2040
2042
2046
2047
2047
2047
