3
5
6
11
16
17
22
23
25
27
28
29
30
32
32
33
34
38
40
42
46
49
50
51
52
53
56
58
59
66
66
67
67
69
71
72
74
80
84
85
86
88
89
90
90
92
93
93
93
94
96
98
100
101
102
104
105
105
106
111
111
112
116
119
122
129
130
131
135
135
136
137
139
139
140
150
152
159
160
162
165
165
168
170
171
173
175
177
178
178
179
181
185
185
187
188
189
189
191
194
198
199
199
199
200
203
207
210
211
213
214
215
216
218
220
226
227
227
228
230
235
237
238
238
239
240
247
250
250
253
254
255
261
264
267
270
270
275
275
276
281
284
285
288
288
290
291
293
294
296
297
298
300
301
301
303
304
312
313
314
316
317
317
318
322
324
326
328
329
330
331
331
333
337
339
341
341
345
347
348
352
354
356
357
357
359
359
361
364
364
366
366
367
369
370
378
378
379
379
381
382
384
391
393
393
396
396
397
402
402
405
410
411
415
415
415
417
418
419
419
421
422
422
422
425
427
427
439
439
440
441
443
443
444
445
446
448
449
449
455
455
456
456
459
459
460
460
464
466
467
470
470
472
476
476
480
480
481
482
483
483
484
485
486
489
492
497
497
497
497
498
498
498
503
505
509
510
510
510
513
513
517
518
521
523
523
524
525
525
526
526
530
531
533
535
537
539
541
545
546
550
562
564
567
570
570
571
574
577
582
586
586
590
594
596
597
597
606
607
610
611
616
617
618
618
621
623
623
627
629
635
636
638
638
640
641
643
645
649
650
654
654
660
662
662
663
663
664
665
670
672
674
677
681
682
686
687
699
699
700
702
707
713
714
715
720
720
722
730
730
731
732
732
742
745
746
747
748
749
752
752
758
759
761
762
763
766
768
770
775
778
780
781
782
782
784
786
789
790
791
797
797
799
801
801
802
805
807
808
808
809
814
815
818
818
820
821
825
827
830
832
833
835
837
838
842
846
846
847
851
851
852
852
853
859
860
860
861
864
870
872
877
880
883
891
896
901
903
905
909
909
911
911
911
912
915
917
923
925
927
931
932
934
939
941
944
951
951
952
954
954
955
956
957
959
962
967
969
969
969
969
973
974
977
977
978
978
983
985
985
986
987
989
1000
1004
1012
1013
1016
1016
1019
1021
1023
1023
1024
1024
1027
1031
1033
1035
1039
1040
1041
1042
1042
1042
1043
1043
1043
1044
1044
1048
1048
1049
1050
1051
1054
1056
1059
1060
1064
1064
1067
1069
1071
1072
1073
1076
1076
1077
1077
1084
1093
1096
1098
1100
1101
1108
1108
1109
1109
1110
1111
1114
1115
1119
1119
1125
1126
1126
1132
1133
1137
1137
1140
1146
1147
1147
1149
1157
1158
1161
1162
1164
1165
1166
1169
1169
1172
1173
1184
1185
1187
1187
1189
1196
1199
1203
1205
1206
1206
1206
1207
1208
1212
1214
1220
1221
1223
1231
1232
1236
1244
1245
1247
1247
1249
1251
1251
1254
1257
1258
1261
1266
1267
1267
1273
1276
1286
1287
1289
1292
1292
1296
1298
1300
1303
1305
1305
1305
1305
1308
1309
1311
1312
1312
1313
1316
1317
1318
1321
1322
1323
1326
1327
1328
1328
1330
1334
1335
1336
1348
1351
1353
1353
1355
1356
1356
1356
1357
1369
1374
1374
1375
1380
1381
1381
1385
1388
1394
1397
1399
1401
1403
1409
1410
1411
1413
1414
1417
1418
1418
1421
1422
1422
1423
1426
1428
1429
1433
1434
1436
1436
1438
1439
1440
1440
1443
1445
1447
1449
1451
1452
1453
1458
1458
1462
1462
1463
1466
1469
1469
1474
1476
1476
1478
1481
1481
1482
1486
1488
1491
1493
1496
1501
1503
1504
1505
1507
1507
1508
1509
1514
1517
1517
1517
1517
1521
1521
1525
1529
1533
1534
1537
1537
1538
1539
1541
1542
1545
1545
1546
1547
1553
1553
1556
1559
1567
1572
1574
1577
1582
1582
1582
1583
1584
1584
1588
1589
1590
1590
1593
1594
1598
1599
1600
1601
1601
1604
1604
1607
1608
1608
1612
1612
1616
1617
1619
1622
1625
1626
1627
1628
1628
1629
1629
1634
1635
1638
1640
1641
1644
1645
1647
1648
1648
1649
1650
1654
1661
1661
1665
1669
1669
1673
1675
1679
1680
1681
1686
1692
1693
1694
1694
1696
1699
1700
1702
1707
1715
1715
1718
1722
1724
1726
1730
1730
1731
1732
1735
1736
1738
1739
1740
1744
1745
1745
1747
1750
1752
1756
1757
1761
1762
1764
1765
1769
1773
1774
1778
1779
1781
1782
1792
1798
1801
1802
1804
1809
1809
1810
1810
1811
1811
1813
1813
1814
1814
1816
1817
1818
1818
1818
1819
1820
1821
1822
1827
1831
1833
1834
1839
1843
1844
1845
1845
1846
1850
1851
1853
1855
1857
1858
1858
1860
1861
1865
1866
1867
1873
1873
1873
1874
1879
1879
1879
1879
1880
1887
1887
1888
1890
1898
1902
1904
1911
1913
1913
1914
1914
1917
1920
1921
1923
1928
1930
1930
1933
1934
1935
1936
1936
1938
1938
1939
1939
1940
1948
1948
1950
1950
1951
1951
1953
1953
1953
1959
1960
1967
1968
1968
1975
1975
1976
1980
1984
1988
1989
1990
1992
1992
1993
1993
1996
2003
2004
2006
2008
2010
2011
2012
2012
2013
2013
2013
2017
2017
2017
2018
2019
2021
2026
2027
2029
2030
2030
2035
2036
2038
2041
2042
